antony: 0.15740218642452794 0.15740218642452794 0.0 0.0 0.0 0.15740218642452794 0.0 0.0 0.0 0.0 
brutus: 0.15740218642452794 0.15740218642452794 0.0 0.15740218642452794 0.0 0.0 0.0 0.0 0.0 0.0 
caeser: 0.0906190582894565 0.0906190582894565 0.0 0.0906190582894565 0.0906190582894565 0.0906190582894565 0.0 0.0 0.0 0.0 
cleopatra: 0.30102999566398114 0.0 0.0 0.0 0.0 0.0 0.0 0.0 0.0 0.0 
mercy: 0.0906190582894565 0.0 0.0906190582894565 0.0906190582894565 0.0906190582894565 0.0906190582894565 0.0 0.0 0.0 0.0 
worser: 0.1197918790850681 0.0 0.1197918790850681 0.1197918790850681 0.1197918790850681 0.0 0.0 0.0 0.0 0.0 
calpurnia: 0.0 0.30102999566398114 0.0 0.0 0.0 0.0 0.0 0.0 0.0 0.0 
angel: 0.0 0.0 0.0 0.0 0.0 0.0 0.15740218642452794 0.15740218642452794 0.15740218642452794 0.0 
fool: 0.0 0.0 0.0 0.0 0.0 0.0 0.1197918790850681 0.1197918790850681 0.1197918790850681 0.0 
fear: 0.0 0.0 0.0 0.0 0.0 0.0 0.15740218642452794 0.15740218642452794 0.0 0.0 
rush: 0.0 0.0 0.0 0.0 0.0 0.0 0.1197918790850681 0.1197918790850681 0.1197918790850681 0.0 
tread: 0.0 0.0 0.0 0.0 0.0 0.0 0.1197918790850681 0.1197918790850681 0.1197918790850681 0.0 
